Hour,Temp,HR,B,P,Map,Net.IV.Fluids.hr,LEVO.Dose,VASO.Dose,EPI.Dose,IV.Drip.Rate,Dobutamine,Name,VIS
1,NA,62,148,86,NA,22443,50,0.04,0,1588,0,pt#1,5400
2,NA,60,140,92,NA,24031,30,0.04,0,658,0,pt#1,3400
3,35.3,59,139,91,112,24689,30,0.04,0,310,0,pt#1,3400
4,NA,80,125,97,111,24999,25,0.04,0,605,0,pt#1,2900
5,NA,48,137,105,119,25604,20,0.04,0,321,0,pt#1,2400
6,NA,51,154,100,119,25925,15,0.04,0,321,0,pt#1,1900
7,NA,82,141,101,122,26246,15,0.04,0,326,0,pt#1,1900
8,NA,128,105,85,99,26572,15,0.04,0,NA,0,pt#1,1900
9,NA,127,116,80,89,NA,15,0.04,0,NA,0,pt#1,1900
10,NA,94,135,90,112,28599,15,0.04,0,NA,0,pt#1,1900
11,33.4,73,145,97,116,28798,15,0.04,0,99.5,0,pt#1,1900
12,33.3,73,135,92,110,29046,15,0.04,0,248,0,pt#1,1900
13,33.3,70,138,90,113,29380,13,0.04,0,334,0,pt#1,1700
14,NA,70,147,99,120,29956,11,0.04,0,576,0,pt#1,1500
15,32.4,70,132,94,109,31083,9,0.04,0,NA,0,pt#1,1300
16,NA,60,134,88,108,30314,11,0.04,0,NA,0,pt#1,1500
17,32.4,76,124,81,100,30455,11,0.04,0,141,0,pt#1,1500
18,33.1,82,119,79,92,NA,8,0.04,0,NA,0,pt#1,1200
19,33.7,88,105,70,83,30780,6,0.04,0,NA,0,pt#1,1000
20,NA,72,86,72,81,20969,6,0.04,0,NA,0,pt#1,1000
21,NA,106,143,29,98,31410,0,0.04,0,NA,0,pt#1,400
22,NA,111,115,113,90,31914,0,0.04,0,504,0,pt#1,400
23,32.1,101,116,67,84,32101,0,0.04,0,187,0,pt#1,400
1,36.6,90,188,129,65,NA,0,0,0,NA,0,pt#2,0
2,NA,108,173,103,127,NA,20,0.04,0,NA,0,pt#2,2400
3,NA,140,154,104,116,693.6,20,0.04,0,173.4,0,pt#2,2400
4,NA,133,93,62,73,NA,15,0.04,0,NA,0,pt#2,1900
5,NA,129,139,99,107,NA,0,0,0,NA,0,pt#2,0
6,34.7,124,128,93,105,NA,0,0,0,NA,0,pt#2,0
7,34.2,114,119,83,90,NA,0,0,0,NA,0,pt#2,0
8,33.6,97,95,62,72,1128,10,0.04,0,86.88,0,pt#2,1400
9,NA,103,118,68,79,1529.6,10,0.04,0,401.6,0,pt#2,1400
10,NA,117,159,96,111,1541.6,0,0,0,12,0,pt#2,0
11,32.9,93,97,51,67,NA,0,0,4.5,NA,0,pt#2,450
12,NA,94,108,50,73,NA,0,0,0,NA,0,pt#2,0
13,NA,94,98,48,67,NA,0,0,0,NA,0,pt#2,0
14,NA,NA,NA,NA,NA,16973,0,0,0,NA,0,pt#2,0
15,NA,NA,189,96,122,16754,0,0,0,NA,0,pt#2,0
16,NA,106,227,123,191,17463,0,0,4.5,709,0,pt#2,450
17,NA,103,106,54,73,17405,0,0,4.5,NA,0,pt#2,450
18,NA,NA,NA,NA,NA,17354,0,0,4.5,NA,0,pt#2,450
19,NA,111,119,60,80,17499,0,0,4.5,145,0,pt#2,450
20,NA,110,120,57,78,17747,0,0,4.5,248,0,pt#2,450
21,NA,108,120,56,74,18075,0,0,4.5,328,0,pt#2,450
22,NA,106,105,51,70,18152,0,0,4.5,77,0,pt#2,450
23,NA,NA,NA,NA,NA,18217,0,0,4.5,65,0,pt#2,450
24,NA,107,97,48,64,18867,0,0,0,650,0,pt#2,0
25,NA,106,96,50,69,18949,0,0,4.5,82,0,pt#2,450
26,NA,110,120,55,76,20087,0,0,4.5,1138,0,pt#2,450
27,NA,113,137,64,90,20574,0,0,4.5,487,0,pt#2,450
28,NA,116,138,68,88,20642,0,0,4.5,68,0,pt#2,450
29,NA,NA,NA,NA,NA,20929,0,0,4.5,287,0,pt#2,450
30,NA,NA,NA,NA,NA,21406,0,0,4.5,477,0,pt#2,450
31,NA,NA,NA,NA,NA,21390,0,0,4.5,NA,0,pt#2,450
32,NA,NA,NA,NA,NA,221363,0,0,4.5,NA,0,pt#2,450
33,36.1,117,112,63,80,22120,0,0,4.5,NA,0,pt#2,450
34,36.2,121,112,58,75,22547,0,0,4.5,427,0,pt#2,450
35,36.3,119,106,54,70,NA,0,0,0,NA,0,pt#2,0
36,36.4,118,104,60,74,22653,0,0,4.5,NA,0,pt#2,450
37,36.5,116,92,52,66,22677,0,0,4.5,24,0,pt#2,450
38,36.7,113,90,52,66,23329,0,0,20,652,0,pt#2,2000
39,36.7,116,93,53,67,24279,2,0,20,950,0,pt#2,2200
40,36.8,116,101,57,71,24373,2,0,20,94,0,pt#2,2200
1,NA,128,86,51,NA,NA,40,0.04,20,NA,0,pt#7,6400
2,NA,114,114,64,81,NA,40,0.04,20,NA,0,pt#7,6400
3,36.4,124,102,62,77,NA,30,0.04,20,NA,0,pt#7,5400
4,36.2,103,109,58,75,NA,20,0.04,20,NA,0,pt#7,4400
5,NA,NA,NA,NA,NA,NA,20,0.04,20,NA,0,pt#7,4400
6,35,100,129,59,80,NA,20,0.04,20,NA,0,pt#7,4400
7,35,92,144,61,84,NA,10,0.04,20,NA,0,pt#7,3400
8,35.1,91,127,69,87,NA,5,0.04,20,NA,0,pt#7,2900
9,35.1,92,111,51,68,NA,0,0.04,20,NA,0,pt#7,2400
10,34.9,89,144,59,80,NA,0,0.02,20,NA,0,pt#7,2200
11,34.6,87,136,57,77,NA,0,0,20,NA,0,pt#7,2000
12,34.5,84,128,56,73,NA,0,0,20,NA,0,pt#7,2000
13,33.9,83,146,61,80,NA,0,0,15,NA,0,pt#7,1500
14,33.9,87,118,58,72,NA,0,0,15,NA,0,pt#7,1500
15,33.9,81,129,58,78,NA,0,0,15,NA,0,pt#7,1500
16,33.6,85,149,68,89,NA,0,0,13,NA,0,pt#7,1300
17,NA,NA,NA,NA,NA,NA,0,0,13,NA,0,pt#7,1300
18,33.1,78,132,57,NA,NA,0,0,13,NA,0,pt#7,1300
19,33.2,89,122,58,69,NA,0,0,13,NA,0,pt#7,1300
20,NA,81,113,54,68,NA,0,0,12,NA,0,pt#7,1200
21,NA,72,124,60,NA,NA,0,0,12,NA,0,pt#7,1200
22,NA,82,120,68,80,NA,0,0,12,NA,0,pt#7,1200
23,NA,78,126,70,NA,NA,0,0,12,NA,0,pt#7,1200
24,NA,69,124,59,NA,NA,0,0,8,NA,0,pt#7,800
25,31,70,113,55,78,NA,0,0,8,NA,0,pt#7,800
1,37.6,119,139,81,90,13618,4,0.04,0,132,0,pt#4,800
2,NA,104,116,68,81,13750,6,0.04,0,132,0,pt#4,1000
3,NA,102,125,83,92,14867,10,0.04,0,NA,0,pt#4,1400
4,NA,111,139,88,107,15043,10,0.04,0,176,0,pt#4,1400
5,NA,111,148,88,105,15210,10,0.04,0,167,0,pt#4,1400
6,NA,117,146,83,100,15372,8,0.04,0,162,0,pt#4,1200
7,NA,99,130,82,98,15552,5,0.04,0,180,0,pt#4,900
8,NA,97,143,75,109,15769,4,0.04,0,217,0,pt#4,800
9,NA,96,144,83,111,16446,2,0.04,0,677,0,pt#4,600
10,NA,83,118,68,92,17074,2,0.04,0,628,0,pt#4,600
11,NA,90,136,51,82,17512,2,0.04,0,438,0,pt#4,600
12,NA,NA,NA,NA,NA,17762,0,0,0,250,0,pt#4,0
13,34.1,99,122,53,69,18510,2,0.04,0,748,0,pt#4,600
14,NA,106,103,60,72,18917,2,0.04,0,407,0,pt#4,600
15,NA,84,105,81,91,19447,2,0.04,0,530,0,pt#4,600
16,33.2,81,109,30,55,19888,2,0.04,0,441,0,pt#4,600
17,33.4,86,101,61,77,20281,3,0.04,0,393,0,pt#4,700
18,NA,87,120,91,108,20642,6,0.04,0,361,0,pt#4,1000
19,34.2,112,135,51,81,21087,6,0.04,0,445,0,pt#4,1000
20,NA,119,117,78,94,21527,6,0.04,0,440,0,pt#4,1000
21,35.5,123,130,71,92,22009,10,0.04,0,482,0,pt#4,1400
22,35.5,110,124,79,88,23089,25,0.04,0,1080,0,pt#4,2900
23,36,122,120,62,67,23361,20,0.04,0,272,0,pt#4,2400
24,NA,124,128,87,102,23755,8,0.04,0,394,0,pt#4,1200
1,35.58,83,106,73,85,NA,40,0,0,NA,0,pt#3,4000
2,35.1,76,77,48,52,NA,40,0,0,NA,0,pt#3,4000
3,34.4,79,112,31,61,NA,40,0,0,NA,0,pt#3,4000
4,33.8,82,128,64,77,NA,40,0.04,0,NA,0,pt#3,4400
5,33.8,84,113,65,67,NA,50,0.04,0,NA,0,pt#3,5400
6,33.8,76,143,65,NA,NA,20,0.04,0,NA,0,pt#3,2400
7,33.2,79,104,72,92,NA,20,0.04,0,NA,0,pt#3,2400
1,33,105,95,45,54,NA,0,0,0,NA,2.5,pt#6,2.5
2,33.4,110,86,56,63,NA,0,0,0,NA,2.5,pt#6,2.5
3,34.4,113,115,79,88,NA,0,0,0,NA,2.5,pt#6,2.5
4,34.7,112,109,62,71,NA,0,0,0,NA,5,pt#6,5
5,35.1,119,135,67,77,NA,0,0,0,NA,5,pt#6,5
6,35.3,129,136,60,67,NA,0,0,0,NA,5,pt#6,5
7,35.3,110,130,54,85,NA,0,0,0,NA,5,pt#6,5
8,35.2,124,119,53,72,NA,0,0,0,NA,5,pt#6,5
9,35.9,132,90,46,62,NA,0,0,0,NA,5,pt#6,5
10,36.5,104,104,56,78,NA,0,0,0,NA,5,pt#6,5
11,36.5,142,142,50,81,NA,0,0,0,NA,5,pt#6,5
12,36.8,119,119,75,90,NA,0,0,0,NA,5,pt#6,5
13,37.2,134,134,55,74,NA,0,0,0,NA,5,pt#6,5
14,37.5,154,154,36,57,NA,0,0,0,NA,5,pt#6,5
15,37,126,126,97,106,NA,0,0,0,NA,5,pt#6,5
16,37.4,121,105,89,93,4670,4,0,0,NA,5,pt#6,405
17,36.7,118,104,73,87,NA,7.5,0,0,NA,5,pt#6,755
18,36.9,126,101,43,72,NA,14,0,0,NA,5,pt#6,1405
1,37.3,119,84,50,63,2303,30,0.04,20,2303,0,pt#5,5400
2,NA,84,116,55,84,3367,10,0.04,10,1064,0,pt#5,2400
3,NA,NA,NA,NA,NA,2644,3,0.04,2,NA,0,pt#5,900
4,NA,NA,NA,NA,NA,2869,3,0.04,2,225,0,pt#5,900
5,NA,NA,NA,NA,NA,3024,0,0.04,1,155,0,pt#5,500
6,33.7,71,158,60,86,3252,0,0.04,8,228,0,pt#5,1200
1,37.1,111,105,69,64,970,0,0,0,300,0,pt#8,0
2,NA,104,135,72,95,1270,0,0,0,300,0,pt#8,0
3,NA,100,139,82,103,1480,0,0,0,210,0,pt#8,0
4,NA,104,139,87,112,1784,10,0,0,304,0,pt#8,1000
5,NA,91,123,82,99,2136,15,0,0,352,0,pt#8,1500
6,NA,87,140,80,99,2388,10,0,0,252,0,pt#8,1000
7,NA,73,126,79,95,2700,10,0,0,312,0,pt#8,1000
8,NA,82,121,68,85,2765,10,0,0,65,0,pt#8,1000
9,NA,86,139,88,111,2967,10,0,0,202,0,pt#8,1000
10,NA,75,114,72,83,3052,15,0,0,85,0,pt#8,1500
11,NA,71,141,85,108,4156,20,0,0,1104,0,pt#8,2000
12,NA,81,127,75,97,4310,20,0,0,154,0,pt#8,2000
13,NA,82,115,70,88,4358,18,0,0,48,0,pt#8,1800
14,NA,78,105,66,80,4556,20,0,0,198,0,pt#8,2000
15,NA,95,97,60,78,4648,20,0,0,92,0,pt#8,2000
16,NA,86,110,62,76,5736,20,0,0,1088,0,pt#8,2000
17,NA,89,118,61,80,6019,18,0,0,283,0,pt#8,1800
18,NA,85,135,71,89,7089,14,0.04,0,1070,0,pt#8,1800
19,NA,NA,NA,NA,NA,8135,8,0.04,0,1046,0,pt#8,1200
20,NA,NA,NA,NA,NA,8201,4,0.04,0,66,0,pt#8,800
21,NA,NA,NA,NA,NA,8263,4,0.04,0,62,0,pt#8,800
22,NA,NA,NA,NA,NA,8288,0,0.04,0,25,0,pt#8,400
23,NA,NA,NA,NA,NA,8461,0,0,0,173,0,pt#8,0
24,NA,90,105,68,68,8494,0,0,0,33,0,pt#8,0
25,NA,90,93,61,61,8844,2,0,0,350,0,pt#8,200
